11222222222222222222222222
11222222222222222222222222
11222222222222222222222222
11222222222222222222222222
11222222222222222222222222
11222222222222222222222222
11222222222222222222222222
11222222222222222222222222
11222222222222222222222222
11222222222222222222222222
11222222222222222222222222
11222222222222222222222222
11222222222222222222222222
11222222222222222222222222
11222222222222222222222222
11222222222222222222222222
11222222222222222222222222
11222222222222222222222222
11222222222222222222222222
11222222222222222222222222
11222222222222222222222222
11222222222222222222222222
11222222222222222222222222
11222222222222222222222222
11222222222222222222222222
11222222222222222222222222
11222222222222222222222222
11222222222222222222222222
11222222222222222222222222
11222222222222222222222222
11222222222222222222222222
11222222222222222222222222
11222222222222222222222222
11222222222222222222222222
11222222222222222222222222
11222222222222222222222222
11222222222222222222222222
11222222222222222222222222
11222222222222222222222222
11222222222222222222222222
11222222222222222222222222
11222222222222222222222222
11222222222222222222222222
11222222222222222222222222
11222222222222222222222222
11222222222222222222222222
11222222222222222222222222
11222222222222222222222222
11222222222222222222222222
11222222222222222222222222
11222222222222222222222222
11222222222222222222222222
11222222222222222222222222
11222222222222222222222222
11222222222222222222222222
11222222222222222222222222
11222222222222222222222222
11222222222222222222222222
11222222222222222222222222
11222222222222222222222222
11222222222222222222222222
11222222222222222222222222
11222222222222222222222222
11222222222222222222222222
11222222222222222222222222
11222222222222222222222222
11222222222222222222222222
11222222222222222222222222
11222222222222222222222222
11222222222222222222222222
11222222222222222222222222
11222222222222222222222222
11222222222222222222222222
11222222222222222222222222
11222222222222222222222222
11222222222222222222222222
11222222222222222222222222
11222222222222222222222222
11222222222222222222222222
11222222222222222222222222
11222222222222222222222222
11222222222222222222222222
11222222222222222222222222
11222222222222222222222222
11222222222222222222222222
11222222222222222222222222
11222222222222222222222222
11222222222222222222222222
11222222222222222222222222
11222222222222222222222222
11222222222222222222222222
11222222222222222222222222
11222222222222222222222222
11222222222222222222222222
11222222222222222222222222
11222222222222222222222222
11222222222222222222222222
